114	185	0	132	6	10	0	8	3	4	0	17	30	17	0	15	8	44	0	48
100	191	0	91	15	3	0	14	7	7	0	16	29	24	0	18	16	42	0	72
26	46	0	14	8	15	0	24	6	13	0	18	29	28	0	24	7	35	0	32
69	109	0	63	6	10	0	5	8	6	0	10	29	22	0	9	7	42	0	45
64	97	0	44	3	9	0	4	6	6	0	13	28	25	0	10	5	31	0	30
61	119	0	88	8	8	0	14	8	2	0	7	28	17	0	9	7	40	0	51
45	65	0	68	16	27	0	23	18	0	0	3	31	10	0	12	22	43	0	36
45	42	0	3	2	17	0	8	16	15	0	8	27	26	0	9	9	41	0	8
31	21	0	0	16	25	0	0	19	24	0	0	28	28	0	0	20	32	0	0
72	120	0	60	4	3	0	6	11	7	0	5	25	18	0	6	7	45	0	39
72	128	0	57	5	6	0	4	8	7	0	7	26	25	0	7	7	38	0	41
62	73	0	30	3	14	0	8	2	0	0	3	29	23	0	5	3	41	0	39
55	64	0	35	9	26	0	6	8	0	0	3	30	22	0	4	11	33	0	49
131	154	0	50	9	8	0	3	4	10	0	7	28	37	0	6	6	29	0	40
41	31	0	32	8	15	0	7	9	19	0	18	29	17	0	13	9	36	0	34
4	14	0	15	6	19	0	5	3	17	0	3	4	19	0	4	7	24	0	26
2	14	0	9	4	12	0	4	3	13	0	3	3	14	0	3	5	13	0	19
67	95	0	44	6	7	0	5	6	6	0	7	30	23	0	6	6	54	0	48
50	109	0	55	3	7	0	8	8	7	0	3	30	24	0	5	5	55	0	55
23	27	0	10	11	21	0	12	9	15	0	10	29	24	0	12	10	40	0	23
111	0	188	112	14	0	17	8	7	0	26	20	9	0	30	28	44	0	70	15
97	0	221	118	11	0	14	4	7	0	4	10	7	0	27	29	50	0	49	9
24	0	52	46	23	0	18	10	17	0	5	3	21	0	32	30	37	0	34	7
62	0	89	82	7	0	27	4	0	0	2	7	2	0	24	25	45	0	39	6
39	0	80	72	10	0	27	3	1	0	0	11	4	0	25	26	32	0	19	6
77	0	109	56	5	0	26	4	4	0	4	8	4	0	25	26	41	0	39	8
100	0	108	59	4	0	26	1	5	0	2	13	5	0	27	26	48	0	34	8
12	0	34	13	12	0	41	12	8	0	23	15	7	0	25	17	22	0	44	15
19	0	44	10	16	0	28	18	11	0	25	18	11	0	36	19	30	0	33	20
60	0	131	88	6	0	7	2	0	0	6	15	1	0	24	27	44	0	35	10
38	0	106	66	7	0	11	1	2	0	10	11	3	0	26	28	46	0	41	7
64	0	75	53	21	0	29	1	0	0	0	8	7	0	20	24	38	0	33	6
40	0	80	81	14	0	27	2	0	0	3	25	5	0	24	28	29	0	30	15
4	0	29	6	3	0	24	7	3	0	12	9	4	0	27	10	5	0	14	8
17	0	22	9	11	0	16	5	9	0	11	8	7	0	18	10	25	0	23	6
29	0	34	2	5	0	9	1	5	0	6	2	4	0	14	1	28	0	25	3
10	0	6	0	6	0	10	0	4	0	6	0	4	0	8	0	10	0	9	0
76	0	127	93	9	0	10	3	4	0	11	15	4	0	28	30	42	0	57	11
46	0	111	63	7	0	14	8	6	0	14	9	4	0	28	29	53	0	59	13
25	0	54	27	5	0	16	3	3	0	16	6	3	0	38	28	48	0	28	5
201	90	141	145	9	4	28	3	6	11	1	21	24	23	22	30	42	10	42	15
168	99	169	110	18	5	21	1	9	7	2	19	32	31	21	29	43	8	43	13
42	27	57	45	9	3	8	5	6	7	0	5	30	23	19	26	34	6	42	5
79	0	73	61	11	0	21	5	10	0	2	3	21	0	25	29	43	0	31	4
133	83	86	89	5	6	23	4	16	9	0	11	25	23	24	29	34	7	32	11
91	17	73	51	8	3	33	1	12	3	1	17	29	9	19	26	39	4	33	9
96	14	85	69	7	4	37	6	14	6	0	20	26	16	23	30	41	5	36	18
33	3	25	1	26	8	31	3	27	9	22	3	35	8	26	3	29	8	30	3
34	7	15	2	27	7	22	4	23	9	18	5	38	11	20	4	29	8	23	5
104	55	92	67	10	1	10	1	6	5	2	5	27	25	21	25	36	3	44	4
127	49	107	66	9	1	13	2	3	5	2	9	27	25	25	24	39	3	41	6
78	34	72	49	14	12	27	1	11	13	0	21	19	24	20	20	33	17	38	16
112	47	112	61	2	2	22	1	9	9	2	30	24	25	27	21	33	5	36	19
42	11	19	1	13	4	22	3	10	6	16	3	20	13	17	3	40	5	30	3
59	12	24	2	16	5	33	3	16	6	25	3	27	14	28	4	34	5	32	3
18	0	8	0	10	0	3	0	8	0	3	0	10	0	4	0	13	0	8	0
12	2	17	0	5	2	13	0	3	3	13	0	5	3	15	0	7	2	18	0
133	42	122	70	16	6	14	3	9	9	8	3	28	18	29	28	45	7	50	4
82	30	82	51	15	5	16	3	6	12	9	17	31	19	29	29	42	7	54	10
36	0	64	12	14	0	20	10	12	0	17	10	17	0	35	18	50	0	55	10
53	193	266	191	3	14	28	7	6	1	9	34	12	15	46	65	5	42	39	23
124	196	232	69	9	17	27	1	8	6	13	19	26	16	31	26	10	35	49	13
64	49	62	37	9	16	30	3	8	13	11	6	33	33	39	29	9	39	38	6
85	74	86	50	5	25	25	2	7	15	9	9	33	30	36	30	8	24	34	5
79	49	83	49	8	20	23	10	7	19	13	5	27	21	41	28	8	25	23	7
129	27	73	52	13	4	13	1	11	8	13	21	29	4	20	24	18	10	25	11
76	24	81	48	11	3	7	4	4	5	16	24	25	2	19	27	9	11	18	15
29	29	38	11	12	20	43	11	15	21	37	11	29	28	54	17	12	28	45	12
10	14	52	22	12	12	34	22	14	14	24	24	15	21	48	35	13	12	29	23
132	146	124	58	6	11	19	1	8	18	1	9	48	46	23	23	11	34	42	6
115	164	116	43	8	6	18	1	5	12	3	7	44	46	22	14	9	30	39	5
106	55	66	37	4	11	28	6	20	9	0	12	38	16	17	24	21	20	33	9
78	47	46	34	10	12	22	5	9	13	0	13	32	17	14	18	18	16	25	8
26	17	22	0	13	20	29	0	21	21	21	0	21	21	22	0	17	36	34	0
11	25	88	13	7	10	20	12	13	12	18	16	11	14	36	20	7	31	39	14
0	0	9	5	0	0	6	5	0	0	3	3	0	0	7	5	0	0	6	4
5	30	4	0	1	5	4	0	0	4	3	0	0	5	4	0	0	18	5	0
98	113	100	42	5	14	22	5	10	16	6	7	29	40	34	24	8	51	52	7
40	98	116	61	7	11	21	8	8	6	15	17	28	16	44	41	9	48	49	14
38	83	45	11	9	19	16	1	11	19	7	4	33	42	30	10	10	45	29	3
169	159	174	197	5	10	16	4	17	1	12	25	23	13	37	35	46	53	43	42
222	167	177	194	18	29	10	7	9	0	3	22	29	22	28	32	41	43	47	39
67	57	55	92	14	19	8	9	8	2	5	13	24	20	32	32	48	24	31	34
82	41	103	64	7	12	9	2	0	5	17	20	11	6	23	26	31	18	35	12
87	65	58	44	8	15	12	7	7	4	12	12	22	22	20	14	41	40	41	48
114	77	100	102	6	24	19	14	14	0	6	5	10	8	18	24	32	25	42	36
143	94	130	124	2	30	17	3	11	1	3	6	11	14	25	21	33	26	34	46
40	29	39	20	16	31	27	26	26	27	27	29	32	29	30	31	23	32	42	29
32	42	22	29	27	33	20	24	31	21	20	27	36	34	27	33	31	43	21	35
127	117	96	102	24	6	19	2	9	11	11	16	19	28	24	26	55	33	44	31
130	121	83	114	27	4	21	3	6	11	5	25	26	20	19	36	49	46	28	21
189	115	118	90	11	16	23	0	17	2	4	21	22	15	22	17	43	36	37	32
86	75	60	37	4	7	19	0	12	8	4	22	18	15	22	13	34	33	28	17
36	31	20	14	20	8	5	10	24	10	12	12	30	10	15	15	33	38	8	13
53	23	28	9	10	16	16	17	13	17	15	18	26	18	21	20	36	30	26	18
8	10	12	0	7	2	8	0	6	1	6	0	8	0	10	0	10	9	10	0
12	0	13	0	5	0	6	0	3	0	7	0	4	0	6	0	10	0	13	0
94	81	76	93	16	7	18	4	11	15	7	15	31	28	26	29	35	51	47	39
93	81	84	75	19	11	19	4	8	23	11	19	31	31	27	27	39	58	53	36
59	41	59	38	11	31	15	12	19	16	21	20	31	21	30	36	39	43	52	18
239	170	236	207	14	5	22	11	1	1	8	17	6	1	34	36	42	46	55	39
177	170	230	175	18	13	11	16	7	2	11	13	11	4	39	43	48	45	41	48
87	47	66	70	5	7	27	8	0	5	4	18	15	8	27	25	36	56	39	45
111	88	91	99	12	4	16	13	5	0	2	8	18	12	22	24	48	52	44	39
80	91	66	94	8	13	33	6	6	13	0	17	19	24	21	19	31	47	34	40
79	118	136	124	14	8	25	13	2	2	6	21	7	2	29	27	37	49	28	30
113	127	103	120	5	7	33	6	5	3	1	20	16	5	21	17	21	33	28	34
36	44	34	11	15	19	46	15	3	20	37	17	8	34	30	15	35	31	53	19
43	35	23	10	25	12	27	13	22	18	24	16	35	34	29	16	39	20	31	13
63	93	165	183	10	10	10	12	1	0	3	12	4	3	51	43	42	33	29	35
93	79	167	177	11	15	9	9	0	3	10	14	3	6	41	47	40	30	40	29
63	56	85	115	7	5	30	13	0	1	4	29	3	2	30	34	46	36	40	58
70	83	130	68	11	12	35	15	0	4	7	23	4	8	39	23	44	28	38	38
55	42	33	18	4	13	17	19	9	13	5	15	12	13	17	19	36	50	26	37
32	41	80	49	1	6	19	13	2	3	17	21	1	4	40	37	27	39	29	24
26	33	35	5	14	16	17	4	14	13	11	6	18	15	21	5	18	33	22	7
29	25	40	18	10	12	22	12	4	9	5	11	8	11	17	15	15	27	21	18
104	114	112	122	14	10	17	5	4	16	13	9	6	26	37	31	49	55	55	40
78	115	94	93	9	11	16	5	2	13	9	13	6	27	36	31	45	53	52	46
44	53	65	54	3	19	19	16	5	10	16	14	9	20	36	34	45	58	48	36
50	146	127	118	0	11	4	34	1	14	31	5	0	12	24	23	1	23	33	27
56	153	134	141	2	7	4	47	0	25	37	4	3	14	26	28	2	26	37	37
19	17	44	52	9	10	36	56	13	16	44	7	8	8	27	30	9	16	37	21
84	4	70	69	2	1	8	34	11	2	24	5	6	1	19	26	19	5	33	18
52	72	72	26	4	18	3	24	11	17	31	6	8	15	19	17	13	21	31	11
0	67	95	93	0	1	11	49	0	31	50	14	0	17	32	28	0	22	30	37
28	46	64	98	0	2	26	49	2	16	30	5	1	8	24	23	2	14	32	22
23	4	0	43	17	1	0	42	11	0	0	10	13	0	0	29	21	0	0	22
107	55	88	94	3	2	3	28	4	4	32	9	5	2	19	24	14	8	31	20
10	1	0	41	6	0	0	39	6	0	0	16	6	0	0	30	12	0	0	26
51	58	57	95	0	2	6	25	2	20	26	6	1	10	20	25	2	13	22	15
29	38	35	49	2	1	15	45	0	20	28	3	3	10	19	28	3	18	30	20
19	27	43	30	2	2	23	34	9	20	34	20	4	11	24	27	5	13	29	20
8	19	14	13	2	6	8	19	1	14	5	14	0	7	9	11	1	16	8	12
4	14	0	13	4	5	0	20	1	10	0	10	2	5	0	11	4	9	0	10
12	0	10	0	8	0	5	0	6	0	6	0	9	0	6	0	10	0	8	0
3	0	0	4	3	0	0	4	1	0	0	3	0	0	0	4	2	0	0	5
43	20	40	73	6	6	12	63	10	4	40	3	7	2	22	27	24	7	29	38
59	22	41	74	10	12	8	58	11	0	35	3	10	2	20	24	37	4	28	32
38	3	13	43	29	2	27	56	13	4	23	13	15	2	25	27	26	4	24	21
245	135	182	102	12	36	24	11	21	12	3	49	25	30	30	29	47	40	47	32
194	178	192	107	3	26	29	16	23	6	4	50	23	28	31	33	30	40	44	35
70	59	80	71	1	36	48	4	31	13	1	27	25	35	31	34	24	33	33	33
141	64	99	83	5	36	39	0	34	1	1	32	27	17	27	22	31	24	31	26
96	61	89	74	11	25	38	0	22	0	2	30	21	19	26	23	31	20	34	26
63	131	100	106	5	28	32	9	15	3	1	17	13	13	23	24	14	27	30	35
63	86	107	122	0	30	29	11	17	3	1	17	16	19	24	29	15	14	34	32
19	21	40	37	19	27	35	17	20	18	12	29	20	15	31	33	17	22	20	30
119	117	123	82	3	33	37	0	26	3	0	43	19	25	25	27	27	35	36	26
9	1	46	38	18	3	32	21	17	3	14	35	16	3	28	34	19	3	38	32
132	107	134	81	1	27	37	0	23	4	0	31	22	23	28	25	26	33	29	26
41	110	83	69	4	14	29	0	32	16	6	38	19	25	28	25	18	53	44	32
55	78	61	61	4	45	40	3	36	13	7	32	24	26	30	28	25	53	35	29
36	24	4	13	18	14	9	13	23	9	9	16	21	12	10	13	30	31	9	18
11	38	8	15	13	33	14	6	13	10	11	11	13	15	11	8	16	33	14	13
0	0	12	0	0	0	4	0	0	0	3	0	0	0	5	0	0	0	9	0
16	0	0	0	9	0	0	0	12	0	0	0	12	0	0	0	14	0	0	0
120	77	106	89	7	41	46	0	23	0	0	33	25	22	29	26	29	32	38	36
66	101	97	94	13	37	45	0	29	1	0	31	25	22	27	26	40	42	40	40
45	53	62	28	14	38	37	22	33	14	13	34	29	24	34	22	24	46	47	32
86	191	162	133	5	4	6	38	7	25	36	10	17	27	28	30	9	27	32	27
106	158	180	182	15	6	3	47	14	27	32	9	26	22	30	30	23	33	24	37
87	82	41	47	11	31	5	46	26	8	30	3	34	31	17	19	30	25	29	34
32	77	77	69	5	11	3	36	6	17	43	6	12	19	28	27	7	28	26	22
10	90	67	56	4	10	7	45	0	19	44	9	3	22	27	22	4	34	26	36
83	84	46	79	9	6	6	50	19	33	29	3	26	29	20	21	18	26	21	30
57	72	54	93	6	8	4	56	6	15	25	3	22	21	23	26	8	15	17	33
38	32	7	38	2	21	6	11	7	25	3	3	25	39	6	29	4	24	5	6
26	28	4	28	9	18	5	13	10	24	6	10	25	26	6	26	9	21	7	13
99	89	104	108	3	2	7	32	9	28	36	3	23	22	25	23	10	24	33	17
83	129	94	96	3	2	3	28	6	32	27	3	24	33	22	25	6	20	19	16
84	111	77	59	15	2	18	19	21	37	28	5	31	31	29	25	18	23	30	11
80	106	53	65	4	4	3	25	12	29	31	4	23	37	21	30	9	24	21	15
33	10	0	12	10	3	0	15	6	2	0	9	13	1	0	10	17	8	0	13
15	11	1	8	2	3	1	9	0	6	0	10	1	3	1	8	6	9	1	13
13	0	0	0	6	0	0	0	7	0	0	0	6	0	0	0	10	0	0	0
0	0	0	0	0	0	0	0	0	0	0	0	0	0	0	0	0	0	0	0
52	70	64	93	4	8	8	57	4	35	38	3	25	25	26	30	4	33	25	26
63	85	54	80	6	3	11	58	11	36	45	3	29	28	28	29	10	33	28	32
52	16	10	44	16	10	15	55	11	14	11	13	29	14	13	26	12	15	14	21
148	136	132	155	6	5	6	25	12	17	23	19	39	32	26	39	11	18	16	27
102	103	145	127	16	9	6	29	19	10	25	15	35	24	33	33	18	15	16	26
62	72	39	44	8	20	16	48	10	22	43	4	39	48	25	19	9	24	29	37
51	40	71	59	16	13	4	28	6	8	36	8	25	13	23	30	11	19	23	19
30	58	70	58	7	15	5	22	1	17	34	12	13	28	26	32	6	23	20	18
111	45	60	88	9	3	3	45	15	11	31	3	42	11	24	26	15	13	18	27
85	38	70	80	6	2	9	43	9	13	25	5	32	19	25	26	7	9	20	21
51	14	5	26	29	19	9	27	22	18	6	32	43	18	8	32	23	22	9	32
19	5	5	17	13	8	7	18	12	7	3	17	25	7	5	23	13	9	5	17
71	75	89	81	6	2	6	28	1	12	25	12	13	27	21	26	5	9	17	18
88	92	97	111	6	4	4	30	0	6	30	18	9	24	22	26	5	6	19	25
81	41	68	48	7	3	10	5	4	11	30	7	34	6	23	21	8	16	23	6
51	66	65	51	7	6	10	10	2	18	38	4	21	21	29	27	6	17	24	7
8	14	0	7	6	7	0	11	5	15	0	10	11	13	0	8	6	10	0	8
9	14	0	16	8	2	0	20	6	8	0	15	9	6	0	16	9	6	0	27
0	4	2	4	0	4	3	1	0	3	3	3	0	4	4	2	0	5	3	3
2	0	0	0	3	0	0	0	3	0	0	0	4	0	0	0	3	0	0	0
59	53	40	48	15	2	15	24	4	29	36	3	40	27	27	28	11	17	20	13
96	55	64	65	18	4	11	20	14	24	38	7	52	22	31	31	17	23	24	16
29	51	22	53	4	15	22	49	2	32	29	33	25	43	29	37	3	20	23	40
139	236	22	99	7	18	10	6	5	2	5	12	15	16	12	16	8	40	10	56
147	196	51	209	7	21	9	14	5	0	8	18	27	11	28	35	7	41	11	50
82	102	0	27	3	17	0	16	12	12	0	7	37	41	0	10	8	49	0	36
66	113	22	57	4	8	4	6	7	14	7	20	28	31	13	13	6	38	6	45
56	88	0	49	3	17	0	5	7	13	0	33	28	27	0	19	6	29	0	29
70	96	26	107	8	29	8	22	11	0	6	7	26	12	17	25	11	31	8	45
68	117	32	90	10	36	8	3	9	0	6	13	24	18	19	28	10	36	7	42
32	16	21	0	8	7	18	0	17	6	24	0	30	6	27	0	12	34	21	0
31	35	26	18	4	17	13	8	10	11	12	8	22	14	26	17	6	40	13	10
104	205	47	70	3	6	3	6	4	6	2	16	21	29	18	17	5	37	4	37
70	128	58	119	3	5	5	6	2	8	0	23	24	22	19	25	4	33	3	45
65	88	28	91	3	16	5	8	22	6	6	30	26	24	13	29	13	43	6	56
13	1	0	0	5	3	0	0	6	3	0	0	10	3	0	0	5	3	0	0
61	63	27	67	5	26	3	2	17	7	4	22	27	29	12	33	14	35	5	25
22	20	15	7	5	6	2	4	5	5	0	5	10	5	15	11	5	17	1	5
0	4	0	0	0	4	0	0	0	3	0	0	0	4	0	0	0	5	0	0
7	3	0	0	3	4	0	0	3	3	0	0	5	3	0	0	3	4	0	0
69	106	62	95	3	11	3	2	8	13	15	23	26	24	25	26	8	62	10	60
50	114	72	93	5	8	6	4	10	11	12	24	29	25	27	28	8	48	9	63
40	35	0	5	10	28	0	13	13	28	0	12	24	31	0	12	12	31	0	14
258	249	148	129	18	9	34	6	10	21	8	19	27	43	28	22	41	22	41	18
248	167	145	119	15	2	30	3	6	10	1	35	30	36	27	34	32	9	42	20
122	88	68	53	8	4	13	3	4	12	2	9	50	44	27	26	31	9	47	7
119	63	125	62	9	4	30	1	9	6	11	27	27	26	42	36	46	5	42	16
114	26	78	57	3	5	27	2	8	10	4	9	32	18	30	30	25	8	31	5
145	13	135	49	12	2	39	1	11	3	3	13	26	8	40	27	30	2	20	8
119	45	129	84	6	4	33	5	15	3	3	17	37	22	35	43	26	4	21	12
38	9	45	13	20	5	32	15	23	6	26	20	32	5	35	20	31	5	40	17
58	35	63	43	13	7	27	15	14	13	24	29	31	26	36	42	26	9	46	21
165	135	130	92	5	3	10	4	8	12	11	19	22	29	25	36	44	11	48	13
162	95	91	49	13	3	10	4	2	11	5	9	24	37	25	22	32	9	46	8
128	67	74	26	16	5	24	1	4	15	1	18	29	40	19	12	37	11	34	10
105	49	113	107	17	4	25	5	17	5	6	36	23	16	27	46	46	5	39	22
26	0	8	0	8	0	11	0	8	0	9	0	10	0	10	0	32	0	13	0
41	0	7	0	11	0	15	0	14	0	11	0	19	0	12	0	27	0	11	0
0	0	0	0	0	0	0	0	0	0	0	0	0	0	0	0	0	0	0	0
4	0	0	0	2	0	0	0	1	0	0	0	0	0	0	0	3	0	0	0
98	66	134	98	15	3	13	1	6	20	16	27	29	21	44	44	43	13	54	15
103	122	166	89	5	2	17	1	6	24	14	22	25	38	51	35	37	15	55	14
68	18	52	18	27	11	25	4	17	15	13	13	31	24	39	16	35	13	43	8
135	154	221	171	13	5	26	2	4	11	2	19	25	30	39	34	16	20	28	40
121	94	210	153	12	9	38	5	1	17	6	27	24	25	42	42	18	20	34	39
66	65	76	69	10	9	6	4	10	12	15	16	25	24	31	33	37	39	36	25
86	51	86	58	21	2	37	1	19	17	31	24	35	17	41	31	23	28	43	14
82	66	74	69	31	4	36	6	10	9	10	26	37	25	36	37	29	25	26	38
141	70	120	122	11	12	28	18	26	3	4	17	33	10	31	31	47	38	31	44
101	93	90	94	2	11	28	10	8	10	6	16	26	26	38	34	41	41	24	40
44	30	51	15	7	14	48	17	10	18	36	20	25	26	46	24	12	23	32	18
32	26	45	29	23	25	12	19	16	21	17	26	26	30	30	34	22	37	17	25
152	123	90	132	21	2	11	4	7	13	10	31	30	26	24	39	33	39	14	33
113	86	94	95	20	2	11	2	6	15	19	25	26	20	34	35	30	31	25	18
96	67	55	58	6	9	6	4	10	9	13	14	26	16	30	28	46	32	18	14
106	58	67	65	6	8	9	10	9	7	12	16	31	23	24	35	30	22	26	21
8	4	33	11	4	3	10	1	3	3	13	3	4	4	26	11	9	5	11	2
36	26	15	1	14	10	14	3	10	9	12	3	22	23	18	3	21	24	16	3
10	0	11	0	6	0	4	0	4	0	5	0	4	0	4	0	9	0	17	0
0	4	0	0	0	4	0	0	0	3	0	0	0	4	0	0	0	5	0	0
91	75	111	93	16	6	14	7	5	24	14	15	31	18	31	30	29	43	52	46
111	98	111	106	21	5	20	5	8	13	17	17	30	18	36	31	46	45	44	46
55	59	44	31	29	7	21	7	25	3	25	10	42	23	34	24	36	53	33	28
159	98	174	97	10	16	25	17	12	12	24	25	62	44	37	26	11	15	40	38
149	109	137	109	12	6	24	21	4	10	20	20	54	40	41	27	8	10	38	36
74	96	54	81	5	12	18	18	8	13	17	26	45	51	22	35	6	12	24	42
92	54	57	48	8	12	17	9	12	16	9	29	46	36	17	23	11	15	33	30
81	54	68	56	7	8	17	17	11	16	16	17	44	37	23	22	10	10	34	32
97	106	77	150	6	2	16	13	8	26	11	25	20	42	24	52	7	15	18	24
76	32	90	106	4	9	25	13	8	10	16	33	24	15	24	40	7	8	27	30
40	28	10	39	15	12	14	24	12	15	8	37	25	34	10	37	13	14	12	26
33	44	13	55	13	8	13	35	11	14	5	48	35	39	10	46	12	11	15	39
143	134	95	68	10	10	20	6	7	22	9	30	40	51	26	24	10	18	30	28
126	76	103	75	12	10	20	15	12	8	15	25	44	32	32	30	13	10	33	23
109	89	42	36	7	11	11	4	21	15	5	19	45	32	13	14	15	13	26	23
95	103	72	48	11	15	12	1	4	14	17	26	45	48	24	17	8	15	31	27
25	20	36	17	9	5	14	18	6	11	5	18	17	12	9	18	8	7	16	23
8	10	22	16	3	7	15	13	3	10	12	14	3	7	15	12	3	7	21	23
21	0	4	0	11	0	8	0	6	0	6	0	9	0	6	0	22	0	10	0
0	0	4	0	0	0	3	0	0	0	0	0	0	0	2	0	0	0	2	0
146	58	82	137	15	8	17	24	6	20	15	30	53	33	20	47	12	15	32	39
82	38	80	103	12	3	21	35	6	16	17	28	46	21	26	50	9	10	34	38
61	56	45	17	9	15	31	20	15	17	28	23	48	44	36	20	12	25	35	23