239	170	236	207	14	5	22	11	1	1	8	17	6	1	34	36	42	46	55	39
177	170	230	175	18	13	11	16	7	2	11	13	11	4	39	43	48	45	41	48
87	47	66	70	5	7	27	8	0	5	4	18	15	8	27	25	36	56	39	45
111	88	91	99	12	4	16	13	5	0	2	8	18	12	22	24	48	52	44	39
80	91	66	94	8	13	33	6	6	13	0	17	19	24	21	19	31	47	34	40
79	118	136	124	14	8	25	13	2	2	6	21	7	2	29	27	37	49	28	30
113	127	103	120	5	7	33	6	5	3	1	20	16	5	21	17	21	33	28	34
36	44	34	11	15	19	46	15	3	20	37	17	8	34	30	15	35	31	53	19
43	35	23	10	25	12	27	13	22	18	24	16	35	34	29	16	39	20	31	13
63	93	165	183	10	10	10	12	1	0	3	12	4	3	51	43	42	33	29	35
93	79	167	177	11	15	9	9	0	3	10	14	3	6	41	47	40	30	40	29
63	56	85	115	7	5	30	13	0	1	4	29	3	2	30	34	46	36	40	58
70	83	130	68	11	12	35	15	0	4	7	23	4	8	39	23	44	28	38	38
55	42	33	18	4	13	17	19	9	13	5	15	12	13	17	19	36	50	26	37
32	41	80	49	1	6	19	13	2	3	17	21	1	4	40	37	27	39	29	24
26	33	35	5	14	16	17	4	14	13	11	6	18	15	21	5	18	33	22	7
29	25	40	18	10	12	22	12	4	9	5	11	8	11	17	15	15	27	21	18
104	114	112	122	14	10	17	5	4	16	13	9	6	26	37	31	49	55	55	40
78	115	94	93	9	11	16	5	2	13	9	13	6	27	36	31	45	53	52	46
44	53	65	54	3	19	19	16	5	10	16	14	9	20	36	34	45	58	48	36
32	41	74	41	11	7	32	16	7	7	25	26	7	7	55	40	32	50	37	28
1	3	1	4	3	4	3	4	3	6	3	3	3	5	3	4	3	5	3	5
1	0	0	2	3	0	0	3	3	0	0	3	3	0	0	4	3	0	0	3
30	35	38	45	8	17	40	26	2	4	32	22	7	9	48	30	36	34	44	50
46	36	29	43	5	18	32	19	0	10	20	15	1	17	27	23	49	35	42	36
77	52	55	87	9	24	39	1	13	15	19	28	12	16	27	21	47	39	39	35
70	38	28	47	17	16	40	4	20	10	20	23	29	11	18	14	44	37	26	25
99	120	122	113	4	15	12	12	1	2	9	13	6	17	26	32	39	45	42	37