86	191	162	133	5	4	6	38	7	25	36	10	17	27	28	30	9	27	32	27
106	158	180	182	15	6	3	47	14	27	32	9	26	22	30	30	23	33	24	37
87	82	41	47	11	31	5	46	26	8	30	3	34	31	17	19	30	25	29	34
32	77	77	69	5	11	3	36	6	17	43	6	12	19	28	27	7	28	26	22
10	90	67	56	4	10	7	45	0	19	44	9	3	22	27	22	4	34	26	36
83	84	46	79	9	6	6	50	19	33	29	3	26	29	20	21	18	26	21	30
57	72	54	93	6	8	4	56	6	15	25	3	22	21	23	26	8	15	17	33
38	32	7	38	2	21	6	11	7	25	3	3	25	39	6	29	4	24	5	6
26	28	4	28	9	18	5	13	10	24	6	10	25	26	6	26	9	21	7	13
99	89	104	108	3	2	7	32	9	28	36	3	23	22	25	23	10	24	33	17
83	129	94	96	3	2	3	28	6	32	27	3	24	33	22	25	6	20	19	16
84	111	77	59	15	2	18	19	21	37	28	5	31	31	29	25	18	23	30	11
80	106	53	65	4	4	3	25	12	29	31	4	23	37	21	30	9	24	21	15
33	10	0	12	10	3	0	15	6	2	0	9	13	1	0	10	17	8	0	13
15	11	1	8	2	3	1	9	0	6	0	10	1	3	1	8	6	9	1	13
13	0	0	0	6	0	0	0	7	0	0	0	6	0	0	0	10	0	0	0
0	0	0	0	0	0	0	0	0	0	0	0	0	0	0	0	0	0	0	0
52	70	64	93	4	8	8	57	4	35	38	3	25	25	26	30	4	33	25	26
63	85	54	80	6	3	11	58	11	36	45	3	29	28	28	29	10	33	28	32
52	16	10	44	16	10	15	55	11	14	11	13	29	14	13	26	12	15	14	21
50	0	21	39	37	0	22	48	26	0	24	13	32	0	19	22	40	0	24	27
8	0	2	0	17	0	2	0	14	0	2	0	15	0	4	0	17	0	2	0
0	0	1	1	0	0	3	3	0	0	3	3	0	0	3	3	0	0	3	3
23	30	31	15	15	18	10	31	12	33	23	24	27	20	16	21	12	30	23	28
38	33	37	24	8	25	13	41	6	38	31	23	22	30	24	21	7	33	21	23
13	20	24	30	12	9	17	42	13	19	25	28	16	13	23	27	15	17	19	37
8	27	7	4	10	19	8	9	11	22	8	10	12	17	11	9	12	29	7	10
79	54	56	76	3	1	8	44	0	18	24	5	28	10	18	26	5	22	27	27