111	0	188	112	14	0	17	8	7	0	26	20	9	0	30	28	44	0	70	15
97	0	221	118	11	0	14	4	7	0	4	10	7	0	27	29	50	0	49	9
24	0	52	46	23	0	18	10	17	0	5	3	21	0	32	30	37	0	34	7
62	0	89	82	7	0	27	4	0	0	2	7	2	0	24	25	45	0	39	6
39	0	80	72	10	0	27	3	1	0	0	11	4	0	25	26	32	0	19	6
77	0	109	56	5	0	26	4	4	0	4	8	4	0	25	26	41	0	39	8
100	0	108	59	4	0	26	1	5	0	2	13	5	0	27	26	48	0	34	8
12	0	34	13	12	0	41	12	8	0	23	15	7	0	25	17	22	0	44	15
19	0	44	10	16	0	28	18	11	0	25	18	11	0	36	19	30	0	33	20
60	0	131	88	6	0	7	2	0	0	6	15	1	0	24	27	44	0	35	10
38	0	106	66	7	0	11	1	2	0	10	11	3	0	26	28	46	0	41	7
64	0	75	53	21	0	29	1	0	0	0	8	7	0	20	24	38	0	33	6
40	0	80	81	14	0	27	2	0	0	3	25	5	0	24	28	29	0	30	15
4	0	29	6	3	0	24	7	3	0	12	9	4	0	27	10	5	0	14	8
17	0	22	9	11	0	16	5	9	0	11	8	7	0	18	10	25	0	23	6
29	0	34	2	5	0	9	1	5	0	6	2	4	0	14	1	28	0	25	3
10	0	6	0	6	0	10	0	4	0	6	0	4	0	8	0	10	0	9	0
76	0	127	93	9	0	10	3	4	0	11	15	4	0	28	30	42	0	57	11
46	0	111	63	7	0	14	8	6	0	14	9	4	0	28	29	53	0	59	13
25	0	54	27	5	0	16	3	3	0	16	6	3	0	38	28	48	0	28	5
28	0	62	24	19	0	22	9	15	0	14	10	15	0	32	29	42	0	44	9
5	0	26	20	4	0	16	12	3	0	13	10	3	0	26	15	11	0	15	16
6	0	0	2	10	0	0	3	9	0	0	3	9	0	0	4	15	0	0	3
17	0	31	2	10	0	18	1	7	0	12	3	6	0	21	2	27	0	23	2
35	0	24	0	8	0	26	0	7	0	10	0	6	0	12	0	34	0	26	0
19	0	37	25	10	0	25	13	8	0	13	13	10	0	28	30	35	0	44	13
5	0	40	21	7	0	23	15	6	0	16	19	6	0	34	26	12	0	28	18
42	0	102	69	9	0	19	1	0	0	4	10	3	0	25	28	38	0	44	8