245	135	182	102	12	36	24	11	21	12	3	49	25	30	30	29	47	40	47	32
194	178	192	107	3	26	29	16	23	6	4	50	23	28	31	33	30	40	44	35
70	59	80	71	1	36	48	4	31	13	1	27	25	35	31	34	24	33	33	33
141	64	99	83	5	36	39	0	34	1	1	32	27	17	27	22	31	24	31	26
96	61	89	74	11	25	38	0	22	0	2	30	21	19	26	23	31	20	34	26
63	131	100	106	5	28	32	9	15	3	1	17	13	13	23	24	14	27	30	35
63	86	107	122	0	30	29	11	17	3	1	17	16	19	24	29	15	14	34	32
19	21	40	37	19	27	35	17	20	18	12	29	20	15	31	33	17	22	20	30
119	117	123	82	3	33	37	0	26	3	0	43	19	25	25	27	27	35	36	26
9	1	46	38	18	3	32	21	17	3	14	35	16	3	28	34	19	3	38	32
132	107	134	81	1	27	37	0	23	4	0	31	22	23	28	25	26	33	29	26
41	110	83	69	4	14	29	0	32	16	6	38	19	25	28	25	18	53	44	32
55	78	61	61	4	45	40	3	36	13	7	32	24	26	30	28	25	53	35	29
36	24	4	13	18	14	9	13	23	9	9	16	21	12	10	13	30	31	9	18
11	38	8	15	13	33	14	6	13	10	11	11	13	15	11	8	16	33	14	13
0	0	12	0	0	0	4	0	0	0	3	0	0	0	5	0	0	0	9	0
16	0	0	0	9	0	0	0	12	0	0	0	12	0	0	0	14	0	0	0
120	77	106	89	7	41	46	0	23	0	0	33	25	22	29	26	29	32	38	36
66	101	97	94	13	37	45	0	29	1	0	31	25	22	27	26	40	42	40	40
45	53	62	28	14	38	37	22	33	14	13	34	29	24	34	22	24	46	47	32
48	24	52	25	9	25	35	22	30	19	13	34	24	17	31	23	28	38	42	26
11	21	13	2	15	23	14	6	10	12	12	6	12	18	11	6	14	16	25	6
6	6	7	7	12	11	17	11	13	8	17	10	13	7	18	11	13	13	18	12
53	28	26	15	17	21	28	15	21	17	25	19	23	22	24	18	29	29	42	19
50	28	40	32	9	28	29	20	33	17	14	30	21	16	24	26	23	35	33	31
23	48	40	34	21	15	34	32	25	8	21	36	24	13	28	35	24	25	45	31
39	7	55	75	26	3	33	7	26	0	14	25	20	0	23	27	34	2	39	28
94	92	93	71	1	33	23	1	22	3	1	30	17	20	25	24	30	38	30	23