53	193	266	191	3	14	28	7	6	1	9	34	12	15	46	65	5	42	39	23
124	196	232	69	9	17	27	1	8	6	13	19	26	16	31	26	10	35	49	13
64	49	62	37	9	16	30	3	8	13	11	6	33	33	39	29	9	39	38	6
85	74	86	50	5	25	25	2	7	15	9	9	33	30	36	30	8	24	34	5
79	49	83	49	8	20	23	10	7	19	13	5	27	21	41	28	8	25	23	7
129	27	73	52	13	4	13	1	11	8	13	21	29	4	20	24	18	10	25	11
76	24	81	48	11	3	7	4	4	5	16	24	25	2	19	27	9	11	18	15
29	29	38	11	12	20	43	11	15	21	37	11	29	28	54	17	12	28	45	12
10	14	52	22	12	12	34	22	14	14	24	24	15	21	48	35	13	12	29	23
132	146	124	58	6	11	19	1	8	18	1	9	48	46	23	23	11	34	42	6
115	164	116	43	8	6	18	1	5	12	3	7	44	46	22	14	9	30	39	5
106	55	66	37	4	11	28	6	20	9	0	12	38	16	17	24	21	20	33	9
78	47	46	34	10	12	22	5	9	13	0	13	32	17	14	18	18	16	25	8
26	17	22	0	13	20	29	0	21	21	21	0	21	21	22	0	17	36	34	0
11	25	88	13	7	10	20	12	13	12	18	16	11	14	36	20	7	31	39	14
0	0	9	5	0	0	6	5	0	0	3	3	0	0	7	5	0	0	6	4
5	30	4	0	1	5	4	0	0	4	3	0	0	5	4	0	0	18	5	0
98	113	100	42	5	14	22	5	10	16	6	7	29	40	34	24	8	51	52	7
40	98	116	61	7	11	21	8	8	6	15	17	28	16	44	41	9	48	49	14
38	83	45	11	9	19	16	1	11	19	7	4	33	42	30	10	10	45	29	3
50	66	79	17	6	19	19	10	8	17	6	13	29	40	27	21	8	40	52	12
4	24	2	24	10	15	6	21	9	15	6	21	9	19	6	25	11	42	6	28
0	4	1	0	0	9	3	0	0	8	3	0	0	9	3	0	0	11	3	0
13	9	13	1	18	10	17	3	20	9	12	3	20	9	16	3	18	18	19	3
0	2	24	7	0	5	23	10	0	6	21	11	0	6	24	11	0	5	28	12
43	36	40	54	10	24	14	19	21	21	8	26	24	15	13	34	20	27	28	30
25	61	38	34	21	11	20	23	21	15	26	19	26	18	26	28	19	45	29	26
108	122	83	49	6	20	12	1	13	9	6	13	40	29	19	24	13	35	38	8