910	839	1024	892	2	12	0	6	5	3	0	10	24	21	0	8	7	45	0	40
924	833	1024	933	2	7	0	1	2	8	0	4	23	30	0	3	6	43	0	49
955	915	1024	961	0	12	0	1	7	2	0	6	27	25	0	5	4	38	0	42
960	927	1024	979	1	13	0	0	7	6	0	10	26	27	0	4	4	31	0	25
963	904	1024	936	1	10	0	9	4	1	0	0	25	21	0	3	2	44	0	44
952	904	1024	964	0	3	0	3	9	8	0	0	23	20	0	1	6	46	0	34
952	896	1024	966	0	4	0	0	7	4	0	2	24	28	0	1	4	36	0	36
962	951	1024	994	2	5	0	0	2	0	0	0	27	23	0	0	2	30	0	24
957	929	1024	980	0	3	0	0	0	2	0	0	28	22	0	0	1	47	0	36
974	915	1024	969	0	4	0	2	4	8	0	0	25	24	0	0	1	51	0	49
895	845	1024	976	4	15	0	2	12	16	0	0	28	40	0	2	7	41	0	33
989	949	1024	998	0	6	0	0	0	0	0	0	28	25	0	0	0	32	0	20
975	956	1024	998	0	5	0	0	0	0	0	0	28	19	0	0	0	19	0	20
899	846	1024	924	3	3	0	3	6	6	0	5	28	24	0	4	6	44	0	52
943	861	1024	929	0	2	0	3	7	13	0	2	27	29	0	3	4	51	0	50
930	852	1024	925	4	5	0	0	2	7	0	6	27	29	0	3	6	48	0	53
929	895	1024	951	0	10	0	5	6	2	0	0	29	26	0	3	3	54	0	54
936	883	1024	942	3	10	0	0	4	2	0	2	28	29	0	1	4	47	0	55
934	883	1024	961	0	5	0	0	6	8	0	4	28	29	0	2	5	54	0	46
920	854	1024	945	1	4	0	0	3	12	0	2	28	31	0	1	2	48	0	51
931	856	1024	923	0	1	0	4	2	4	0	7	26	27	0	4	1	43	0	50
931	878	1024	932	0	5	0	1	11	10	0	2	27	27	0	1	7	49	0	54
914	849	1024	945	0	4	0	0	5	8	0	6	27	27	0	3	4	53	0	46
918	874	1024	956	4	5	0	0	6	11	0	12	28	32	0	6	6	39	0	36
936	856	1024	939	0	3	0	1	9	10	0	10	27	30	0	6	5	49	0	46
939	897	1024	950	3	8	0	0	1	8	0	4	28	31	0	2	3	38	0	49
958	904	1024	954	0	6	0	3	2	18	0	8	29	35	0	5	1	31	0	51
935	904	1024	962	2	7	0	2	6	6	0	1	30	29	0	2	4	38	0	51
944	896	1024	967	5	3	0	1	0	10	0	4	28	28	0	1	3	44	0	46
947	878	1024	949	2	3	0	1	1	12	0	5	28	30	0	4	1	51	0	49
945	899	1024	968	4	0	0	0	4	11	0	3	29	27	0	1	4	35	0	44
940	879	1024	948	5	2	0	1	6	9	0	4	28	31	0	3	6	45	0	50
953	893	1024	968	3	3	0	0	5	8	0	2	28	29	0	1	4	44	0	45
949	880	1024	941	0	3	0	4	5	12	0	4	29	30	0	3	3	51	0	54
951	883	1024	934	2	9	0	1	2	2	0	6	26	24	0	4	3	47	0	47
933	864	1024	930	0	11	0	0	0	0	0	2	29	27	0	1	0	47	0	54
961	905	1024	938	4	7	0	0	0	0	0	6	27	25	0	3	2	43	0	46
933	866	1024	948	3	3	0	1	5	5	0	0	26	28	0	0	4	51	0	55
924	880	1024	948	5	7	0	0	2	2	0	4	29	26	0	2	4	49	0	53
949	895	1024	950	5	1	0	1	0	0	0	6	23	22	0	4	4	38	0	38
962	907	1024	962	0	7	0	3	2	7	0	2	29	31	0	2	1	46	0	49
962	907	1024	966	1	8	0	3	2	10	0	3	29	33	0	2	1	38	0	45
943	909	1024	965	2	7	0	2	6	4	0	1	28	29	0	2	4	44	0	47
913	1024	835	912	8	0	9	5	8	0	21	12	10	0	24	26	43	0	60	9
927	1024	803	905	4	0	10	6	1	0	3	8	4	0	23	29	43	0	45	8
962	1024	935	942	5	0	23	5	0	0	0	5	2	0	22	23	44	0	36	6
985	1024	943	952	6	0	23	4	0	0	1	10	2	0	21	24	26	0	16	8
947	1024	915	968	4	0	25	0	2	0	2	3	4	0	23	24	36	0	36	2
924	1024	916	965	5	0	27	1	4	0	2	10	6	0	24	24	50	0	34	3
964	1024	893	936	5	0	5	1	0	0	4	10	2	0	22	25	43	0	34	7
986	1024	917	958	0	0	9	0	0	0	9	8	0	0	22	26	30	0	40	4
948	1024	897	931	6	0	9	2	2	0	8	13	3	0	26	28	40	0	55	8
978	1024	913	959	1	0	6	3	0	0	9	5	1	0	20	24	33	0	45	4
981	1024	922	955	4	0	18	0	0	0	5	6	2	0	22	26	32	0	38	3
967	1024	911	959	6	0	15	0	0	0	0	2	2	0	25	22	46	0	31	1
981	1024	969	989	1	0	1	0	1	0	1	5	1	0	18	17	34	0	14	2
937	1024	845	914	4	0	7	5	2	0	5	8	3	0	26	28	51	0	51	8
933	1024	858	913	11	0	11	2	0	0	4	4	4	0	24	28	53	0	54	4
942	1024	858	908	5	0	11	4	1	0	4	2	3	0	27	27	51	0	47	4
939	1024	901	951	2	0	9	1	2	0	6	6	3	0	26	27	51	0	53	4
962	1024	900	947	3	0	7	5	0	0	12	4	2	0	25	28	53	0	57	6
948	1024	884	939	3	0	6	0	4	0	9	2	3	0	29	28	52	0	54	3
937	1024	856	919	6	0	14	8	1	0	2	13	6	0	26	34	44	0	45	12
950	1024	875	921	6	0	9	1	0	0	4	11	3	0	25	26	50	0	50	8
954	1024	880	923	7	0	15	5	1	0	5	16	3	0	27	29	50	0	52	13
932	1024	879	938	2	0	18	2	4	0	10	6	4	0	24	28	53	0	52	4
960	1024	902	946	5	0	12	3	0	0	3	0	2	0	25	27	52	0	49	2
956	1024	909	955	9	0	15	0	0	0	3	3	3	0	26	27	53	0	54	2
954	1024	895	943	4	0	8	4	0	0	8	2	2	0	26	28	52	0	53	4
961	1024	903	943	3	0	11	4	2	0	6	1	2	0	27	29	54	0	44	4
951	1024	891	948	1	0	12	2	6	0	7	4	3	0	28	28	51	0	54	3
960	1024	902	946	5	0	12	3	0	0	3	0	2	0	25	27	52	0	49	2
950	1024	875	921	6	0	9	1	0	0	4	11	3	0	25	26	50	0	50	8
961	1024	898	953	3	0	7	0	0	0	8	6	1	0	25	28	53	0	52	4
919	1024	860	931	5	0	8	4	2	0	3	7	5	0	27	27	48	0	56	7
948	1024	888	929	9	0	6	0	1	0	6	4	4	0	22	28	52	0	58	3
935	1024	849	931	4	0	5	1	0	0	8	2	3	0	28	27	53	0	54	3
950	1024	914	953	8	0	14	7	0	0	0	0	3	0	24	26	52	0	39	3
945	1024	880	928	0	0	13	5	1	0	0	4	1	0	26	28	50	0	43	5
952	1024	871	920	2	0	11	5	2	0	4	8	2	0	25	32	46	0	44	9
921	1024	876	925	3	0	16	2	0	0	2	0	2	0	25	25	53	0	34	3
955	1024	856	911	3	0	11	3	0	0	6	6	1	0	26	26	52	0	48	7
961	1024	886	928	4	0	14	4	0	0	1	2	3	0	27	27	49	0	46	5
944	1024	909	956	8	0	6	3	2	0	14	5	5	0	23	29	51	0	44	4
971	1024	915	951	2	0	9	8	0	0	4	1	0	0	23	28	44	0	44	6
960	1024	905	943	2	0	15	5	0	0	4	7	2	0	26	28	53	0	50	7
823	934	883	879	11	4	26	3	7	4	0	15	28	21	18	29	44	5	40	14
855	925	855	914	9	7	19	5	3	1	4	19	34	29	18	29	37	4	44	14
891	941	937	934	4	3	18	1	15	3	3	4	25	21	19	27	29	5	27	4
933	1007	951	973	1	2	31	0	6	0	0	9	24	7	15	23	29	1	28	2
928	1009	939	955	1	0	35	3	7	0	0	9	23	11	20	27	32	0	33	9
920	969	932	957	5	4	8	4	2	3	4	5	24	22	18	23	30	4	41	5
897	975	917	958	7	0	10	0	4	0	0	5	28	23	22	22	38	0	38	3
946	990	951	975	7	0	23	0	6	2	0	19	16	12	16	17	29	1	32	8
911	977	912	963	3	0	18	0	10	4	3	27	27	23	22	18	35	0	33	13
891	982	902	954	4	2	10	6	5	3	8	2	25	16	25	26	32	2	47	4
942	994	942	973	1	0	6	0	0	3	1	6	27	13	22	24	27	1	31	2
926	982	949	981	10	1	8	3	2	2	0	5	27	19	20	17	35	2	28	5
911	977	930	980	2	2	12	0	2	0	4	2	25	17	22	18	43	1	37	0
880	943	894	951	4	4	21	2	5	4	4	12	30	26	27	21	46	4	47	8
871	951	887	919	6	3	26	1	3	8	6	20	29	23	26	27	44	7	49	13
870	941	882	932	4	3	25	1	5	2	4	11	28	28	28	26	48	3	43	8
879	955	886	932	5	4	7	1	13	2	4	3	31	22	26	29	37	4	51	3
903	970	892	958	4	0	8	3	6	0	17	6	30	25	28	26	41	0	55	7
899	967	903	969	5	2	3	0	7	0	12	4	30	25	23	22	43	1	61	3
859	928	900	933	7	3	16	7	1	1	0	3	29	24	21	25	41	3	38	6
848	947	867	906	9	4	15	4	4	5	3	4	32	26	24	28	39	6	47	5
837	908	871	944	12	6	33	4	7	4	1	7	30	32	25	22	47	6	41	7
895	956	910	979	1	0	24	0	8	2	2	8	29	27	23	15	40	2	48	4
888	957	922	962	0	0	28	0	2	2	2	14	29	29	22	22	44	2	45	8
885	965	911	943	2	0	23	0	6	2	0	13	30	25	20	27	44	1	44	7
885	946	900	955	13	3	12	0	4	0	10	8	30	29	23	24	50	2	56	5
884	948	897	941	8	3	13	0	4	0	4	2	31	26	24	28	46	2	50	2
887	959	909	937	1	6	9	2	6	1	4	2	29	24	23	29	50	4	48	2
892	950	921	975	3	4	17	0	7	0	4	9	30	27	20	17	48	2	46	5
922	966	935	951	7	0	23	0	0	0	0	17	29	27	16	26	25	0	40	9
895	959	923	941	5	4	20	0	6	1	5	17	28	24	17	29	53	3	46	10
880	947	895	958	2	2	18	1	3	6	0	11	27	26	28	21	43	5	46	8
890	947	895	942	3	2	26	3	2	2	2	10	27	27	26	24	52	3	45	9
891	941	906	943	4	1	25	2	4	4	0	9	29	27	24	24	38	3	39	7
871	951	898	933	1	4	18	2	2	0	0	2	26	22	24	28	45	3	42	2
854	957	857	921	11	3	18	4	9	4	9	5	34	16	27	28	51	6	51	5
884	946	897	937	7	4	11	1	3	0	0	1	28	26	23	27	43	3	41	1
883	954	900	964	6	2	19	2	1	2	0	3	25	28	24	20	56	3	44	4
903	998	915	944	8	0	14	2	2	0	2	4	29	10	23	28	41	1	45	4
871	995	887	929	11	1	23	3	16	2	0	2	35	9	27	28	45	2	36	4
885	974	898	948	2	5	8	2	6	0	14	7	28	19	22	28	48	3	58	5
911	963	909	965	1	2	11	0	8	1	10	2	28	27	23	18	34	2	58	3
888	969	898	955	5	2	15	4	8	0	9	8	29	22	26	26	47	1	57	7
971	831	758	833	0	18	29	4	4	6	7	21	10	21	27	36	3	48	40	15
899	825	792	954	2	21	29	0	6	11	12	13	42	38	29	21	4	40	47	8
959	974	961	987	0	0	8	0	0	0	1	0	36	20	17	24	0	13	13	0
892	876	900	966	0	15	20	0	9	11	4	6	45	47	20	21	7	34	45	3
909	860	908	981	2	14	18	2	2	15	4	4	40	46	18	12	4	34	38	3
925	910	924	982	1	9	11	0	5	6	0	0	33	36	16	22	3	38	39	0
984	925	907	962	0	7	9	2	1	8	7	2	20	24	34	27	0	41	31	0
986	941	963	1013	0	4	4	0	0	2	0	0	25	31	22	8	0	21	23	0
973	957	945	1007	0	4	6	0	0	3	0	0	35	23	18	7	0	23	33	0
913	901	941	975	1	17	9	0	9	7	2	10	43	30	16	22	6	37	34	1
951	912	968	980	6	14	15	3	2	9	4	0	36	39	11	22	5	31	24	1
981	976	991	998	5	8	5	0	1	1	0	0	9	5	9	7	8	14	3	0
991	960	986	998	0	8	4	0	0	1	0	0	17	21	3	14	0	19	15	0
884	847	923	947	0	9	26	1	12	17	2	16	53	53	23	29	8	45	45	10
950	899	873	882	0	4	27	2	8	6	4	15	28	26	37	43	5	51	43	9
873	839	900	934	4	15	25	2	5	4	2	14	51	45	26	28	9	44	41	10
908	865	912	958	0	5	6	2	11	10	6	7	48	53	20	25	5	39	51	6
902	869	905	970	3	2	7	4	6	10	7	3	51	52	22	24	5	38	47	2
955	896	854	906	0	6	4	0	6	7	15	2	26	26	41	26	3	37	42	4
894	877	858	872	4	16	21	1	3	3	0	0	40	26	22	27	3	42	42	1
902	889	868	914	0	12	21	0	4	5	8	4	52	31	25	28	2	46	48	3
946	886	830	926	0	17	22	1	2	5	5	8	23	24	31	26	1	46	46	5
889	882	889	924	0	23	22	0	6	5	3	9	54	39	24	29	3	46	50	6
887	867	916	947	2	20	21	3	1	8	2	9	55	44	26	28	2	45	48	7
873	934	911	945	3	9	5	0	6	4	8	6	51	17	24	29	8	37	44	4
892	874	877	940	1	4	8	2	13	9	6	7	45	40	22	29	8	49	42	7
909	842	890	963	0	7	7	0	8	13	6	2	41	52	24	26	4	44	50	2
941	888	844	914	0	1	13	0	8	13	6	8	27	28	29	28	5	50	48	4
906	912	934	951	0	8	13	0	5	3	1	3	55	29	23	29	2	35	36	1
910	993	912	957	3	1	6	0	6	0	6	8	44	1	25	28	8	10	41	4
891	899	923	951	6	16	9	0	10	5	4	5	50	32	23	29	10	48	37	3
863	799	904	936	1	5	23	1	11	12	2	11	53	56	25	29	7	50	47	6
910	891	877	891	2	7	22	0	4	5	2	8	29	25	24	29	3	40	36	4
891	845	917	930	1	15	13	1	4	10	1	6	52	53	23	26	4	43	36	7
905	892	905	898	8	12	11	7	5	2	0	7	45	25	18	28	8	43	51	9
925	919	881	885	5	16	19	6	3	2	0	7	36	18	22	33	5	48	48	10
955	939	837	924	2	17	23	1	0	0	2	4	24	9	50	31	1	40	42	10
864	826	885	972	8	15	27	2	3	9	0	6	52	48	22	19	18	38	41	5
890	832	914	943	8	17	25	4	5	5	1	1	41	43	17	28	12	45	40	3
910	847	851	901	6	11	29	0	5	1	2	2	36	24	23	22	6	46	43	2
867	833	902	954	5	8	4	1	11	15	14	7	48	54	24	26	11	46	46	4
875	833	908	958	3	10	6	4	2	13	15	4	54	59	23	25	4	35	46	4
911	859	888	914	5	5	4	1	2	15	5	5	41	47	21	27	3	47	48	13
855	864	848	826	2	12	10	4	20	0	14	19	25	6	31	31	46	54	38	39
802	857	846	830	17	31	13	7	12	1	10	20	34	26	25	30	41	45	51	40
957	967	969	931	3	11	0	9	5	0	0	9	18	16	26	28	26	16	14	33
936	959	966	980	5	11	2	1	5	1	5	2	21	19	9	5	36	26	31	25
897	907	927	922	16	5	10	1	6	10	4	15	18	31	15	22	49	32	32	27
894	903	941	910	22	4	13	0	6	9	1	16	24	21	13	29	46	43	21	14
937	949	964	987	1	8	9	0	10	7	3	18	20	16	19	7	32	34	22	13
930	943	948	931	8	2	2	4	9	5	4	12	29	21	16	24	21	32	28	31
930	942	939	948	13	0	7	1	4	5	7	14	27	17	17	23	27	29	36	22
951	955	965	955	1	14	3	0	10	0	3	3	21	16	13	24	22	25	24	13
921	938	935	926	3	17	5	4	8	3	3	8	29	25	26	27	34	33	31	34
952	967	946	961	0	8	4	1	2	0	5	0	17	8	19	22	28	23	31	25
989	990	986	975	1	1	2	0	0	0	0	1	10	9	10	11	13	16	9	19
868	889	874	878	9	31	11	7	6	2	3	11	28	24	24	29	47	46	49	37
839	884	840	852	10	21	13	2	4	0	2	6	28	23	25	24	46	41	50	48
855	896	858	886	0	28	11	4	3	0	8	11	27	26	27	28	47	45	54	40
901	916	896	900	5	5	5	5	11	4	17	8	28	25	26	26	44	46	58	48
914	907	896	910	2	8	4	6	12	3	15	10	25	26	29	27	39	39	46	36
911	931	908	909	4	2	4	5	12	0	11	7	26	22	27	28	48	39	42	43
863	890	850	846	5	24	12	9	11	5	6	13	25	21	27	29	47	49	43	44
866	908	883	879	6	22	11	11	12	2	3	13	30	24	27	32	44	46	47	57
899	913	904	901	7	14	13	5	7	3	9	11	32	24	26	31	46	51	53	43
892	920	902	890	3	9	11	14	12	2	6	7	27	20	24	32	56	47	56	37
896	899	895	890	5	17	6	8	18	6	6	12	28	27	29	31	49	46	37	41
900	938	901	900	5	23	5	3	5	3	7	8	26	19	27	30	46	38	55	47
910	913	898	898	3	10	10	7	16	12	9	5	23	23	25	28	55	43	49	36
911	917	905	893	4	16	4	6	13	8	15	9	24	24	30	29	43	41	48	52
918	908	912	911	1	9	5	3	11	6	8	8	25	31	26	27	48	44	42	38
921	925	918	921	2	9	8	5	15	0	4	11	27	22	22	28	36	46	41	39
906	924	905	895	3	19	16	9	9	0	10	14	30	23	27	31	51	46	55	45
914	941	911	907	0	31	6	1	13	0	3	10	26	20	28	27	43	25	45	48
842	884	882	866	8	11	13	12	7	2	5	16	28	29	25	31	42	44	54	51
838	889	900	882	10	7	12	11	4	6	9	5	28	28	27	31	48	49	52	46
872	896	892	878	9	8	11	9	5	4	5	5	28	28	26	30	49	46	52	48
870	875	844	841	4	28	9	5	6	0	8	5	27	25	26	27	56	44	52	46
872	877	868	860	3	15	12	6	5	0	0	6	29	25	29	31	46	47	35	47
904	914	879	868	5	14	2	6	6	0	6	7	22	24	32	29	45	40	40	46
869	920	885	827	4	38	5	5	6	0	5	9	23	16	24	26	43	30	34	51
863	881	887	881	1	9	6	0	3	4	6	12	25	26	25	26	46	45	42	33
882	876	890	873	6	5	7	4	4	4	4	13	21	28	29	26	57	43	28	41
896	912	881	883	4	5	5	9	9	4	10	10	28	22	31	29	42	47	49	50
895	896	875	883	1	5	6	7	12	7	12	8	27	26	29	28	44	47	51	46
891	894	883	901	5	10	8	6	14	8	15	9	29	30	31	30	44	52	53	40
785	854	787	817	16	11	16	9	9	6	12	14	27	21	28	27	47	48	52	37
847	854	794	849	19	14	10	8	11	2	12	0	14	17	22	14	53	47	39	34
913	936	933	925	11	4	14	12	3	3	1	5	23	14	18	20	44	54	41	39
944	933	958	930	9	8	24	6	1	5	1	14	21	23	15	17	31	39	24	36
961	931	859	841	6	9	10	7	1	4	9	7	4	9	40	22	40	35	32	28
931	944	857	847	11	13	5	9	0	1	7	11	4	7	21	31	41	30	36	29
954	941	893	956	8	12	35	9	2	2	6	8	4	17	33	7	45	29	35	23
920	909	912	902	11	7	13	11	5	14	8	12	13	26	21	28	48	44	44	44
945	909	930	931	5	5	3	0	0	13	2	5	12	26	17	24	41	45	37	35
925	903	901	911	5	15	14	14	8	6	6	9	17	22	21	25	40	48	43	34
930	937	888	873	12	5	13	15	2	8	7	8	8	5	25	32	37	48	41	42
987	965	933	957	0	11	6	1	0	0	2	7	0	2	37	17	29	37	22	22
976	974	906	916	0	4	25	4	2	2	10	21	1	2	40	19	41	40	28	47
864	883	856	887	7	15	12	9	6	3	7	7	27	22	24	21	51	42	55	47
881	889	741	774	8	5	16	10	2	3	4	12	7	7	51	47	49	44	52	52
881	866	867	848	13	6	10	14	5	7	2	5	15	26	20	30	51	51	47	52
904	869	818	883	3	11	15	6	6	9	15	9	14	27	32	27	49	49	53	46
888	869	879	890	1	9	12	10	12	13	14	9	24	28	28	27	45	50	51	43
874	865	859	891	2	10	10	9	8	13	18	9	23	33	33	25	51	47	57	48
882	877	871	877	7	9	15	8	8	4	6	4	27	22	27	26	48	55	52	50
869	880	879	872	9	9	12	8	4	5	1	7	29	25	27	28	51	54	49	52
890	890	890	894	10	3	8	3	3	4	2	3	24	21	20	24	51	51	48	41
860	863	877	871	10	5	16	5	7	3	7	9	29	26	28	27	50	53	53	47
871	860	859	862	7	7	8	10	2	4	5	9	26	25	27	30	51	53	49	45
880	868	905	878	15	19	12	7	4	11	0	5	27	30	23	22	55	52	46	51
913	883	843	885	3	6	13	12	4	8	10	9	9	26	35	27	50	49	48	48
860	855	850	870	6	11	10	7	11	4	11	17	30	28	27	31	48	47	51	46
879	877	886	896	5	12	8	3	15	7	8	16	29	31	28	27	47	46	50	47
879	878	894	874	12	8	23	19	4	7	2	11	28	24	22	30	50	49	48	52
931	905	872	882	4	7	18	7	1	5	5	7	13	21	27	30	48	52	51	49
899	896	885	901	2	3	12	6	5	3	8	10	27	22	28	28	52	54	54	48
931	922	828	817	4	1	13	5	0	2	8	6	3	3	38	26	52	50	52	50
943	936	815	814	3	4	10	13	2	1	6	11	3	2	42	32	53	53	54	49
928	949	826	808	5	7	11	10	0	3	0	17	4	5	51	55	53	51	53	55
907	919	817	783	3	7	20	17	3	6	0	11	3	6	25	47	54	51	39	52
837	854	877	844	16	25	16	11	3	3	0	5	30	27	22	24	51	50	42	51
814	846	823	814	9	15	11	4	9	1	0	7	26	19	20	25	56	45	46	39
889	900	796	788	3	1	12	12	8	5	1	10	9	5	28	40	46	51	45	46
801	803	829	803	9	8	14	7	11	5	7	9	32	25	31	22	52	51	42	45
851	886	794	813	7	4	12	2	14	4	7	9	13	5	23	15	48	49	47	37
872	880	862	861	7	5	15	9	10	11	10	9	27	24	22	28	58	44	50	52
865	863	872	883	11	6	17	8	8	9	10	8	30	28	31	26	45	55	43	43
857	867	862	883	14	6	16	5	11	11	12	11	30	30	32	26	51	42	46	43
973	878	897	903	0	19	0	27	12	10	25	0	7	19	16	14	9	28	29	19
968	871	890	883	1	9	2	36	10	16	33	2	8	19	19	17	8	24	32	27
1005	1005	980	972	0	0	4	33	6	4	13	0	0	0	0	7	1	3	0	0
940	1020	954	955	8	0	1	30	20	0	20	0	13	0	8	23	30	0	26	13
972	951	952	998	3	20	0	14	14	11	29	0	8	16	12	7	11	16	27	3
996	978	960	926	1	2	6	47	11	6	14	0	4	6	7	21	8	11	13	21
973	966	966	928	5	1	0	19	14	13	25	2	9	10	10	17	12	10	17	9
995	986	989	975	5	0	0	29	7	15	8	0	5	4	0	12	8	13	7	3
981	1004	984	950	1	6	0	52	6	0	23	0	0	3	0	18	14	2	3	25
915	969	936	930	5	8	0	20	18	0	25	0	12	8	13	14	28	6	27	9
965	1002	982	950	10	14	0	51	5	0	21	0	5	4	0	18	27	6	11	26
1002	1008	1018	972	2	0	0	37	1	0	0	0	1	0	0	1	4	2	0	4
951	1024	969	958	12	0	0	32	22	0	20	0	8	0	6	23	30	0	20	9
970	946	953	949	0	23	0	54	19	3	34	0	6	10	11	18	16	24	27	26
971	973	956	948	0	16	0	54	16	0	33	0	2	4	10	19	21	15	26	30
956	974	952	943	0	19	0	60	17	0	30	0	2	5	11	20	30	24	32	30
996	973	962	960	0	5	0	39	8	3	41	0	1	0	7	18	10	24	15	14
1010	959	953	954	0	9	0	49	3	8	42	0	0	3	13	21	4	40	23	20
990	963	954	951	0	11	0	52	9	4	41	0	1	5	9	20	14	25	23	20
955	984	955	938	7	10	0	47	20	2	31	0	11	6	11	20	24	9	28	22
974	960	959	960	3	23	0	44	19	6	33	0	8	12	8	18	17	19	25	21
984	969	968	952	2	9	0	63	16	12	33	0	4	4	2	21	9	18	18	23
975	953	942	941	0	13	2	56	18	12	31	0	9	11	18	19	13	24	24	32
978	975	969	954	1	6	2	55	18	11	30	0	5	2	11	12	14	18	14	17
944	1002	956	949	13	3	0	62	22	0	31	0	11	1	10	25	28	3	28	18
948	1013	967	940	11	2	0	64	17	0	31	0	5	1	3	27	42	2	22	24
956	997	956	946	5	7	0	53	17	0	35	0	5	2	9	25	30	7	27	22
953	1000	963	944	6	0	0	39	19	3	31	0	6	2	4	27	31	6	25	17
977	965	951	949	0	19	0	55	17	8	35	0	6	8	18	14	12	23	21	30
947	1020	960	926	14	0	0	65	17	0	33	1	6	0	10	29	40	0	23	29
974	984	957	954	3	11	0	56	14	2	36	0	2	5	8	21	22	14	24	22
953	958	959	957	1	26	0	47	23	1	30	0	5	8	4	11	24	17	27	26
966	998	970	955	8	15	0	56	16	0	25	0	4	2	0	14	21	7	19	22
956	979	970	957	3	29	0	49	23	0	29	0	4	8	2	16	26	14	19	22
763	983	888	962	15	17	0	35	26	0	19	0	20	8	10	14	47	9	29	14
884	1024	926	905	25	0	1	66	22	0	16	0	22	0	8	28	43	0	36	28
904	1006	942	945	22	8	0	47	21	0	21	0	20	3	11	23	45	3	38	18
915	976	925	911	7	10	0	54	21	3	21	0	12	5	11	19	30	11	30	32
929	957	874	875	7	0	3	62	17	11	24	0	12	7	12	29	20	9	31	25
887	1010	909	896	13	3	0	56	20	0	25	0	15	1	13	25	36	1	25	22
945	1007	958	932	6	3	0	41	17	0	36	0	5	1	5	27	36	5	24	26
984	974	962	948	0	8	0	56	13	2	35	0	3	4	3	23	13	21	23	19
931	1010	967	953	10	6	0	40	17	0	28	0	7	2	1	25	49	3	23	15
779	889	842	921	5	29	24	1	25	6	7	30	28	26	27	15	46	31	48	14
954	965	944	953	0	12	32	0	25	1	0	16	14	16	22	21	14	7	22	14
961	938	917	902	0	27	27	11	19	0	2	15	18	19	21	25	14	14	31	30
905	907	901	942	1	36	36	0	29	4	2	38	22	27	22	20	30	38	36	24
892	917	890	943	4	29	35	0	27	5	1	29	25	26	25	19	31	33	30	24
969	946	963	963	0	19	20	0	30	2	0	21	8	12	14	17	4	19	12	11
904	947	917	934	6	38	46	0	28	0	3	29	23	18	26	21	31	27	38	31
958	923	927	930	3	35	44	1	21	0	1	27	7	22	25	21	22	39	36	34
930	931	930	953	0	29	20	1	27	0	3	26	18	17	21	19	32	32	25	18
963	951	955	961	0	31	30	0	16	0	0	23	15	16	16	10	15	30	19	14
971	963	958	966	0	14	21	0	26	0	0	20	5	15	12	10	6	12	15	9
958	958	945	955	1	30	21	0	17	0	0	26	13	12	19	18	19	17	24	18
946	931	921	925	0	21	33	0	38	5	2	32	19	16	26	25	22	27	42	31
930	947	914	922	4	21	27	0	33	0	0	27	22	19	25	27	27	17	36	32
926	929	917	922	0	26	41	0	43	0	0	31	25	20	27	23	30	27	39	35
904	917	915	939	4	28	36	0	28	2	2	43	27	29	27	22	34	39	45	26
904	900	910	934	7	31	49	0	32	6	0	40	32	30	28	24	35	44	39	26
892	913	895	921	4	38	35	1	27	0	3	40	26	28	27	28	38	37	45	32
919	895	912	921	1	42	42	0	34	0	1	37	27	28	25	27	32	44	34	30
925	906	901	919	0	44	42	0	33	0	0	37	27	27	28	29	34	40	41	32
904	904	908	917	0	47	43	0	34	3	0	31	31	27	28	27	34	37	38	33
930	918	915	933	0	43	40	0	35	3	1	37	25	26	27	22	28	31	40	28
934	922	911	937	0	52	35	0	40	0	2	35	25	26	29	21	27	31	44	25
935	924	915	936	0	39	36	0	37	1	3	35	22	33	30	21	28	24	41	26
932	948	938	938	6	33	38	0	30	0	0	29	21	18	20	22	33	19	29	28
925	933	925	944	1	25	39	0	40	0	2	37	20	22	25	18	26	29	39	22
899	904	914	936	2	29	38	0	44	4	0	39	27	29	28	22	36	44	42	27
940	915	923	927	0	39	30	0	30	2	1	37	20	27	24	26	25	35	39	32
932	920	912	923	1	41	37	3	33	0	3	36	25	23	29	28	23	34	42	33
939	921	909	915	0	43	29	1	31	3	0	27	18	26	27	26	29	36	39	34
946	929	925	923	0	26	28	0	44	2	3	41	17	19	24	29	21	27	32	31
937	938	919	918	1	22	35	0	38	3	0	39	13	18	24	29	18	23	34	35
930	932	916	916	3	22	22	0	38	3	0	35	22	24	25	28	27	30	31	32
904	882	885	901	0	45	38	0	32	0	0	37	27	24	26	25	28	48	38	29
908	871	870	871	0	48	41	0	33	0	0	29	26	27	26	25	23	41	36	35
877	862	849	853	2	44	38	1	37	0	0	28	27	24	24	23	31	37	39	36
882	898	874	866	2	52	46	2	35	0	0	23	25	24	24	25	35	32	37	39
877	887	862	858	2	58	38	1	31	0	1	25	29	26	28	26	34	31	40	37
895	880	864	844	0	52	29	5	34	1	3	25	23	24	23	25	30	37	44	40
944	909	925	926	0	33	43	0	42	0	2	31	19	28	28	26	19	40	36	33
941	916	909	937	1	34	31	1	41	2	6	40	22	31	28	25	18	37	41	23
940	915	923	927	0	39	30	0	30	2	1	37	20	27	24	26	25	35	39	32
892	913	895	921	4	38	35	1	27	0	3	40	26	28	27	28	38	37	45	32
938	833	859	891	0	8	2	26	7	28	36	1	16	30	24	22	5	33	29	16
918	865	843	841	0	4	0	47	8	18	36	1	17	23	25	27	11	28	23	31
937	942	983	977	2	17	0	26	15	3	16	0	23	21	0	2	11	9	12	14
992	946	946	955	0	12	0	31	5	21	46	2	10	17	20	19	3	26	17	12
941	940	978	945	2	4	0	47	24	26	18	0	25	22	11	17	9	14	11	27
925	935	919	916	2	2	2	33	12	21	27	0	23	22	16	21	12	18	24	17
941	895	930	928	2	6	0	24	9	32	25	0	24	39	15	16	7	21	16	12
940	913	946	965	0	2	13	20	13	23	27	1	19	29	13	21	4	14	15	8
968	918	971	959	0	2	0	23	9	31	29	0	21	39	14	26	4	18	10	4
972	954	960	930	0	0	3	56	2	22	37	0	23	15	11	28	1	14	9	23
961	939	969	944	3	0	0	50	8	31	37	0	27	18	2	25	3	24	7	20
945	970	967	948	0	1	3	44	6	5	22	0	29	8	6	22	6	12	19	17
961	962	985	982	2	11	0	25	3	11	11	0	25	11	1	9	4	8	16	5
916	874	919	935	0	16	0	40	6	25	44	0	27	28	25	15	5	46	25	25
926	881	940	959	2	13	0	39	8	36	41	0	30	36	21	12	5	43	25	26
939	896	939	932	1	12	0	49	1	23	40	3	28	26	22	21	3	40	24	31
953	955	952	954	1	2	0	26	6	20	49	0	26	11	14	28	3	19	18	8
944	962	940	948	2	3	1	37	12	13	45	0	27	10	13	28	8	23	25	14
940	973	946	950	3	2	1	26	15	16	41	0	24	12	13	28	14	13	21	13
980	944	941	925	1	19	0	34	5	18	42	1	10	15	25	27	6	27	23	17
933	885	937	932	7	12	0	61	14	30	41	0	23	35	20	22	11	27	30	24
932	952	961	973	7	11	0	11	19	12	32	0	29	19	5	14	16	13	26	6
963	933	940	942	0	19	0	56	13	17	54	0	18	17	23	22	7	35	22	25
944	891	941	964	8	14	0	38	6	25	38	0	29	35	19	17	7	32	27	17
917	952	951	948	7	6	0	42	24	16	37	0	36	16	18	24	15	16	25	17
969	928	952	964	2	10	0	43	7	20	43	0	17	17	12	19	4	36	19	18
953	929	945	961	0	18	0	45	9	20	47	0	28	20	19	21	4	31	28	18
954	969	965	967	4	4	0	23	13	15	37	0	20	9	1	23	8	11	18	6
955	907	948	934	1	11	0	71	11	30	40	0	19	33	20	25	10	21	24	30
957	900	936	937	2	9	0	60	2	30	48	0	19	33	23	22	2	26	27	23
933	931	952	950	0	13	0	55	12	22	45	0	28	20	10	22	7	24	23	20
942	917	951	951	0	14	0	49	14	24	45	0	28	19	16	14	6	36	22	33
961	917	948	944	0	6	0	62	3	32	51	0	22	25	17	22	2	30	16	26
933	929	952	954	0	18	0	54	12	14	38	0	29	13	11	20	6	36	26	21
856	865	944	935	1	16	0	24	23	2	19	0	37	31	10	8	21	31	29	46
864	853	938	946	1	16	0	21	18	0	20	0	35	32	10	7	28	31	37	40
835	818	936	944	2	32	0	17	19	2	16	1	35	40	8	7	27	37	35	36
863	869	936	929	4	28	0	39	21	2	19	0	36	32	10	13	26	32	26	39
867	818	907	908	5	33	0	33	19	0	27	0	34	41	14	11	19	23	26	41
878	867	942	938	4	31	0	30	17	0	19	0	35	34	10	11	21	32	28	38
949	943	955	946	4	4	0	23	12	20	46	0	23	13	10	26	9	22	17	10
952	920	952	950	1	4	0	37	6	28	49	0	26	22	15	23	3	26	17	17
971	928	958	953	0	3	0	32	4	28	50	0	19	21	6	25	3	24	12	14
876	888	892	869	2	7	2	24	18	15	30	8	43	34	25	34	11	16	19	20
922	920	877	897	1	8	5	30	11	8	33	4	29	26	34	28	7	15	24	18
913	979	964	936	4	2	0	43	14	10	27	0	40	11	18	22	9	11	13	26
938	986	954	943	2	0	6	42	15	1	23	0	33	15	18	24	6	0	13	16
953	949	934	943	1	1	2	22	3	3	35	3	20	29	20	19	3	4	20	10
936	931	925	913	4	3	0	31	3	0	25	11	23	30	20	22	7	3	17	19
943	982	955	976	3	3	8	5	4	6	32	3	30	7	11	19	4	11	15	3
964	971	984	975	5	0	2	13	0	24	23	0	33	15	0	24	2	1	0	0
928	969	960	956	7	2	6	17	3	10	38	0	48	14	9	27	6	10	3	5
995	973	1001	970	0	0	0	14	0	11	3	5	20	22	2	6	0	0	0	4
980	973	995	973	0	0	0	24	1	16	3	2	25	11	4	5	0	0	0	0
935	982	978	974	4	1	3	15	4	10	23	0	39	10	6	23	4	6	9	1
957	987	985	978	3	1	2	16	1	6	16	0	32	9	3	20	3	7	13	1
892	924	949	910	1	7	0	45	9	18	37	11	38	24	19	23	7	27	19	38
920	947	952	916	2	7	0	39	0	11	38	14	40	18	22	23	3	30	19	37
931	971	938	937	4	4	0	55	3	12	50	0	32	10	22	26	5	18	28	24
919	926	943	954	3	1	2	23	11	34	47	0	47	27	15	30	6	17	25	6
941	930	968	958	0	1	0	33	1	32	29	0	41	28	0	27	1	17	18	5
945	924	957	953	0	1	0	34	2	29	45	3	32	29	18	24	3	11	7	12
970	935	917	939	1	2	5	45	3	20	47	0	15	27	28	27	2	13	29	19
922	918	921	943	1	6	1	36	6	32	46	0	37	33	26	28	5	20	26	15
917	952	940	944	4	6	3	32	4	19	39	1	42	23	20	29	4	14	26	14
937	928	946	940	2	1	0	52	10	25	46	0	36	36	23	23	4	14	16	16
946	943	961	945	0	3	0	45	5	23	32	3	38	24	10	29	2	12	23	13
930	949	947	967	0	5	0	25	7	22	48	1	42	20	16	20	1	11	23	6
920	945	942	947	0	2	5	47	11	22	49	0	42	19	13	28	4	14	21	16
939	933	957	954	0	1	0	35	3	31	54	0	43	25	6	26	2	12	9	10
919	928	965	946	3	0	0	41	11	30	40	3	46	28	11	25	4	12	9	19
976	903	929	936	3	5	7	53	2	27	49	2	16	47	29	27	2	9	25	23
871	940	925	924	2	5	8	47	13	17	41	2	49	23	24	28	7	14	26	22
887	894	958	952	2	3	0	23	10	31	43	0	50	47	10	27	6	12	18	10
892	942	956	951	3	12	0	54	8	20	43	0	41	23	13	15	8	20	18	28
931	907	943	959	0	11	0	46	10	33	49	0	29	30	22	16	7	24	25	20
922	906	944	961	0	13	0	46	6	35	55	0	36	28	16	19	5	30	20	16
845	947	943	980	13	2	1	11	4	1	13	0	46	28	7	4	25	2	40	23
813	939	915	960	15	1	6	17	8	0	20	0	48	26	12	6	30	1	33	27
827	936	947	957	15	0	0	23	23	2	19	0	48	29	10	8	40	2	37	35
849	876	931	916	4	10	0	49	9	4	21	0	41	37	11	16	13	11	28	34
824	925	930	962	14	1	3	17	12	0	19	0	55	29	11	6	24	2	38	29
812	940	965	946	17	1	0	23	15	2	14	0	51	26	8	8	38	2	20	35
962	902	953	951	0	6	0	36	4	31	48	7	27	37	19	22	2	21	14	17
953	870	958	952	0	7	0	32	3	37	47	5	29	55	15	20	2	14	8	18
913	930	958	938	3	1	0	35	2	31	46	4	46	25	16	25	3	21	11	17
884	787	1002	925	4	32	2	0	10	10	1	6	32	49	2	4	9	49	3	49
877	827	973	815	6	25	0	3	14	1	0	12	41	21	0	9	11	44	1	41
942	921	1024	997	0	4	0	0	7	3	0	0	43	37	0	0	2	30	0	16
958	911	1002	966	0	6	0	1	3	12	1	11	26	33	1	2	2	34	1	34
968	935	1024	975	0	7	0	0	4	9	0	24	31	34	0	2	1	19	0	15
920	819	977	954	3	8	0	0	5	11	0	8	35	48	0	5	6	41	1	30
954	896	966	905	1	5	2	0	3	8	2	13	22	25	17	15	3	33	2	36
959	936	996	933	0	11	0	1	21	3	4	16	24	20	11	18	9	34	1	35
974	908	952	929	1	9	2	0	4	14	10	19	26	28	25	22	1	45	6	33
985	980	992	967	0	4	0	3	1	0	0	2	22	7	20	20	0	17	0	20
953	901	1004	990	2	11	0	2	6	5	3	1	24	38	4	3	3	40	0	24
959	935	1024	965	0	15	0	8	5	3	0	0	33	22	0	2	0	22	0	40
927	906	1022	987	2	3	0	0	7	5	0	0	45	46	0	0	2	27	0	31
891	852	896	938	0	9	0	1	2	25	36	14	47	38	18	8	1	29	18	8
855	880	961	858	5	28	0	2	5	13	6	36	29	34	16	22	19	33	3	24
905	830	925	980	0	4	0	0	5	35	26	15	47	53	16	8	3	30	17	8
932	856	1001	946	2	1	0	0	4	23	0	20	36	55	0	10	4	30	0	36
951	868	1023	949	0	5	0	0	4	22	0	22	28	51	0	11	3	34	0	35
938	848	1008	951	2	5	0	0	3	25	0	24	37	58	0	10	3	33	0	33
928	835	1015	932	1	9	0	0	5	19	0	10	37	60	0	5	2	39	0	46
927	836	1006	935	0	8	0	0	11	20	0	4	27	49	3	2	6	43	0	44
936	847	1024	945	3	6	0	0	4	20	0	9	38	57	0	5	1	41	0	46
961	865	997	951	0	5	0	0	8	14	2	4	27	41	2	2	4	55	1	48
964	853	1024	956	0	7	0	3	9	11	0	6	28	54	0	4	2	45	0	48
953	870	1024	953	2	5	0	12	4	11	0	3	31	47	0	5	3	57	0	48
927	860	1024	942	5	8	0	0	1	21	0	28	40	58	0	14	3	31	0	31
935	854	1024	950	1	5	0	0	5	21	0	28	41	56	0	14	2	37	0	28
924	838	1024	945	3	7	0	0	6	25	0	22	43	58	0	11	4	40	0	34
950	847	1024	952	2	8	0	0	5	23	0	16	31	55	0	7	3	38	0	43
963	852	1024	961	2	12	0	0	0	11	0	10	27	57	0	4	1	45	0	44
965	873	1024	969	1	2	0	0	3	14	0	7	28	49	0	0	2	40	0	43
853	860	965	998	2	11	0	0	9	35	29	10	52	55	14	4	7	29	20	7
922	868	947	1001	0	8	0	0	6	36	45	9	42	55	25	6	4	27	23	5
895	856	992	966	0	5	0	0	12	24	6	23	43	55	3	12	6	30	6	17
944	894	1004	888	2	5	0	3	2	2	0	2	30	27	0	18	2	47	0	52
929	823	1024	927	2	17	0	0	0	6	0	8	42	51	0	4	1	45	0	46
881	784	1024	921	6	7	0	1	5	11	0	8	48	48	0	4	6	44	0	47
900	838	1013	902	4	10	0	3	2	7	0	7	41	34	0	4	3	46	0	49
911	820	1024	941	8	13	0	1	2	9	0	10	42	54	0	5	5	41	0	45
941	872	974	860	0	6	2	5	2	6	2	7	27	24	6	26	1	54	2	36
905	816	1024	938	4	13	0	0	2	20	0	19	38	58	0	10	3	46	0	36
937	833	1024	937	2	6	0	0	5	30	0	28	37	58	0	14	2	38	0	28
912	833	1022	930	0	11	0	0	7	18	0	22	44	55	0	11	4	38	0	33
765	775	875	895	20	7	24	8	17	12	0	16	41	46	8	20	50	14	27	14
775	857	879	904	20	2	25	1	14	8	1	24	47	50	13	25	39	6	39	17
902	936	956	970	2	1	5	2	5	2	0	5	49	40	23	24	26	2	31	2
905	961	899	962	8	3	23	0	6	1	10	15	29	24	35	16	44	2	30	2
910	998	946	967	2	0	15	1	6	0	1	4	44	12	19	27	19	0	20	4
859	888	894	932	2	2	9	3	8	13	4	11	30	45	12	27	43	9	43	10
862	929	933	975	15	1	8	2	5	6	3	5	42	40	16	18	35	4	43	6
896	957	950	998	15	0	19	0	5	1	2	11	40	36	14	8	35	0	31	3
926	958	889	925	8	1	3	0	5	16	8	17	28	23	41	35	29	8	38	6
934	999	918	965	10	0	19	6	3	0	5	5	25	7	31	17	27	0	27	5
864	934	940	959	6	2	12	3	9	1	2	8	48	31	16	25	37	2	30	5
890	966	950	978	8	0	19	1	9	5	0	4	51	28	16	22	37	1	23	2
877	930	931	973	11	1	9	0	20	3	5	9	54	43	24	22	25	3	38	1
815	888	855	923	4	5	36	1	9	4	2	16	41	42	27	28	47	5	40	9
787	890	858	894	10	5	29	1	7	2	0	12	54	40	26	26	49	5	39	8
857	889	805	863	5	3	36	5	2	2	2	9	30	45	32	31	46	3	38	8
912	918	865	981	0	0	24	0	6	4	18	12	29	50	41	19	38	0	46	0
903	913	885	951	3	3	11	3	10	5	12	10	29	45	28	26	43	4	55	9
899	950	863	949	6	6	18	0	12	2	12	9	28	23	36	22	45	4	50	7
816	909	869	931	17	13	10	11	12	4	6	0	50	42	25	25	52	8	43	6
797	913	865	952	12	11	17	8	8	4	8	1	51	39	29	26	48	9	46	5
877	932	932	989	1	3	28	0	10	5	0	11	46	41	18	14	36	5	30	4
909	969	887	968	2	0	26	0	9	0	11	11	28	24	31	22	46	0	47	2
848	939	922	972	13	2	25	0	4	2	2	7	55	40	23	23	51	2	46	3
841	947	915	960	4	4	30	3	20	0	2	8	60	33	27	28	43	2	47	5
870	916	877	948	4	2	14	0	11	6	4	8	39	43	28	28	38	4	41	5
849	913	873	950	2	1	14	0	15	0	10	9	43	36	29	28	46	1	49	5
855	935	860	940	2	2	19	0	15	2	10	18	38	29	34	28	44	3	48	11
863	931	938	965	16	2	27	0	15	4	0	17	52	40	17	26	40	3	41	4
845	928	923	959	11	3	37	0	16	2	2	19	56	42	23	27	48	3	43	7
862	928	935	965	6	0	28	0	15	0	2	15	53	45	20	25	39	0	42	5
807	902	906	949	5	2	21	0	13	6	4	14	57	53	28	28	49	4	42	7
907	900	850	943	0	0	32	1	10	12	8	16	29	47	40	27	33	8	36	11
921	903	830	917	2	3	35	3	7	8	4	13	28	40	50	27	31	7	35	11
814	921	889	959	15	3	14	2	2	0	0	4	53	37	22	21	44	3	44	4
836	928	882	950	12	3	7	0	2	2	2	4	49	38	24	27	46	4	48	3
844	907	843	918	7	0	17	0	2	1	3	8	34	39	23	28	43	2	45	5
813	937	885	967	13	0	29	1	2	1	1	2	52	33	26	19	52	2	42	2
799	951	906	956	13	0	38	0	6	0	0	4	55	26	24	21	49	2	36	3
876	956	835	953	6	2	44	2	5	0	3	5	30	26	54	26	46	2	43	4
849	914	854	989	1	4	16	0	6	0	9	5	32	46	28	14	43	2	54	1
862	903	838	950	11	0	20	0	4	2	0	6	30	49	24	24	52	2	43	3
818	883	902	959	11	1	12	0	11	3	1	0	48	55	22	23	51	3	50	0
888	870	803	851	16	5	23	6	9	10	8	19	31	29	33	31	20	18	35	39
958	959	948	954	0	1	1	0	3	1	11	5	20	19	27	27	18	19	24	15
938	973	938	966	11	0	10	0	15	4	10	13	28	9	21	27	12	16	11	1
942	957	949	955	12	1	20	0	4	2	1	6	26	22	20	25	9	18	8	13
883	954	904	902	5	7	18	16	16	2	0	9	32	8	25	27	38	34	24	39
872	901	934	889	19	1	2	0	3	10	7	21	29	24	19	30	32	34	7	24
928	957	969	966	0	0	0	0	7	2	4	10	27	13	22	22	33	23	6	5
923	930	934	929	1	1	20	6	6	3	5	9	26	18	31	27	37	31	16	30
933	949	913	931	6	1	7	4	2	10	13	10	27	12	26	27	17	32	43	35
912	926	913	918	12	4	7	6	9	7	11	13	26	18	27	27	35	38	31	37
946	974	966	969	4	5	4	7	12	0	4	4	16	11	9	10	22	18	8	16
950	984	991	989	5	1	2	2	5	1	4	1	20	2	8	6	18	12	1	13
927	945	916	938	0	0	8	2	2	4	8	5	27	22	27	26	15	19	28	15
955	937	945	952	0	1	0	2	2	2	13	4	20	19	26	26	21	42	17	18
857	850	840	872	2	8	5	5	5	4	9	6	29	30	30	31	49	45	50	40
872	878	868	870	4	10	4	8	5	4	6	5	30	27	28	29	47	48	50	47
872	871	859	866	1	2	6	10	4	2	9	7	29	30	26	30	54	52	48	45
902	896	886	893	5	4	11	9	10	5	12	6	27	27	29	26	46	50	44	49
905	905	874	902	0	6	8	5	10	4	10	6	27	27	28	27	45	51	52	35
906	920	887	898	0	3	6	7	6	3	12	12	27	22	28	28	37	44	57	48
872	984	898	916	2	6	3	4	7	1	4	4	27	13	27	28	54	4	39	14
875	982	875	958	1	4	6	1	6	3	12	7	28	16	29	29	57	4	66	3
925	915	923	930	1	8	2	3	3	6	6	7	23	28	26	23	36	40	31	31
931	963	927	926	0	0	1	1	4	0	8	8	29	11	28	29	29	30	28	27
914	957	920	928	4	5	0	4	11	0	14	6	29	15	30	29	39	29	34	33
904	922	925	925	1	3	4	4	11	5	13	12	28	24	23	25	48	41	41	40
908	911	919	908	6	6	6	5	4	2	7	7	26	29	21	22	47	44	40	49
902	891	884	883	3	5	8	5	5	5	12	5	28	24	28	28	46	48	50	46
907	907	902	903	3	4	7	9	6	5	15	4	29	23	25	27	43	45	47	52
935	951	924	918	4	4	3	5	2	0	10	7	23	17	27	30	30	29	35	32
908	937	932	932	5	3	3	3	6	0	7	7	29	23	26	30	40	29	28	26
874	943	888	931	0	7	5	3	8	3	17	8	30	20	23	27	40	5	42	7
894	905	899	903	4	1	5	6	6	2	12	9	27	23	25	27	43	42	54	43
929	915	895	902	2	1	7	2	6	4	5	11	25	25	30	29	28	44	48	44
898	902	908	906	3	3	5	1	0	2	6	4	27	28	25	26	40	46	45	40
878	881	899	867	11	10	10	8	5	2	7	9	31	26	17	27	47	48	55	53
896	909	942	900	10	10	7	3	4	2	4	9	30	24	10	27	46	46	45	44
812	977	805	934	15	2	7	3	8	4	5	8	32	15	29	27	91	4	89	6
895	908	902	875	4	5	4	7	7	0	3	7	28	17	20	31	44	45	39	42
880	912	898	864	4	3	1	6	2	0	3	11	31	19	24	31	41	33	44	39
895	871	876	867	9	1	6	10	2	7	9	11	27	31	29	30	47	42	48	52
862	888	866	891	4	14	18	4	5	2	14	6	31	28	28	27	48	49	59	44
887	898	896	886	7	8	7	6	6	4	10	13	30	32	25	29	46	45	46	46
865	925	849	926	2	10	23	10	15	1	24	21	59	44	39	19	9	7	37	31
873	914	887	912	8	7	16	21	7	5	17	17	60	37	35	22	7	5	30	34
950	925	970	942	0	2	11	10	1	1	20	11	41	48	8	17	0	0	10	22
932	970	966	976	0	1	10	1	6	0	6	18	42	25	10	8	1	1	26	7
943	969	956	968	2	0	9	7	2	0	14	12	38	31	12	11	2	0	24	15
880	890	928	955	1	8	21	4	11	6	9	24	44	50	20	15	8	6	28	18
898	948	921	949	2	4	17	15	9	0	10	20	42	28	23	20	8	3	29	10
929	921	951	976	2	6	9	0	1	3	16	22	44	48	16	6	1	5	26	16
877	966	941	887	9	0	15	21	2	2	17	16	49	27	15	39	6	2	30	30
942	986	943	921	3	0	21	26	2	2	18	13	40	17	17	30	1	0	26	21
972	986	968	971	0	1	6	1	2	0	6	19	26	25	6	7	0	0	16	14
950	976	949	947	0	0	6	5	0	0	16	13	40	20	14	16	0	0	16	14
897	926	971	962	2	8	8	2	14	3	8	10	49	43	4	14	5	2	19	18
844	901	912	895	10	35	30	4	24	0	5	27	63	49	29	29	23	16	38	32
849	923	927	917	12	20	21	16	18	0	7	19	61	42	21	24	17	4	34	39
862	905	917	935	8	24	19	4	19	0	15	25	52	48	25	19	12	6	29	38
885	888	947	949	0	16	19	0	30	3	1	30	47	52	14	15	12	12	39	30
875	883	949	961	0	13	16	1	31	7	6	25	50	52	11	9	15	20	39	26
918	872	960	963	0	9	8	0	22	8	5	26	41	59	7	13	8	13	33	19
920	927	895	912	0	0	24	13	3	0	17	30	46	45	38	27	1	0	31	34
905	913	862	881	1	2	24	16	1	0	27	27	49	45	44	34	1	0	31	34
879	890	920	935	0	5	31	12	10	6	11	24	58	49	25	21	5	8	36	35
896	851	930	915	0	12	31	11	5	9	11	25	58	72	32	32	2	10	21	28
881	875	935	904	5	7	24	10	16	6	12	25	57	59	23	32	7	9	32	34
859	863	884	883	1	12	28	17	13	7	13	26	58	55	37	33	7	12	35	33
881	870	931	928	5	19	24	1	21	3	8	29	50	56	18	23	9	16	40	34
839	876	917	914	3	17	20	3	31	4	12	30	54	56	25	26	12	10	29	38
869	892	928	951	6	26	22	0	28	0	11	28	61	52	22	15	15	16	39	33
875	894	916	933	6	14	26	14	7	0	17	27	59	54	34	24	3	6	30	31
928	897	931	917	2	12	25	11	8	0	11	30	52	52	23	29	1	7	35	31
865	835	914	907	0	23	25	7	18	7	7	23	63	62	26	26	8	17	31	36
839	876	917	914	3	17	20	3	31	4	12	30	54	56	25	26	12	10	29	38
866	888	927	936	1	15	25	0	30	3	5	24	63	49	24	20	12	11	31	32
887	896	927	933	2	19	20	3	24	5	10	28	44	48	20	21	9	8	37	35
903	924	923	924	6	8	21	17	5	0	11	18	46	34	22	18	6	4	33	33
890	936	899	941	0	4	21	15	6	2	12	10	42	27	17	11	3	4	37	34
884	941	882	894	3	0	17	14	2	1	19	14	44	26	24	23	3	2	30	32
842	898	909	890	4	13	23	18	12	7	6	15	57	37	20	20	8	11	37	36
837	928	921	950	6	7	22	7	16	2	6	10	52	27	19	7	14	5	36	30
822	900	863	865	10	4	25	23	11	2	13	19	58	35	27	28	11	5	32	29
884	891	923	938	3	22	22	1	25	4	15	25	48	48	22	17	11	12	40	38
900	916	948	965	0	15	14	0	24	4	5	24	48	42	12	10	10	14	31	26
884	907	931	954	0	8	18	6	9	2	17	24	49	43	18	11	6	5	36	30